1,14,13,4,2,42,40
10,11,9,8
11,12,9,5,6,10
12,13,4,5,11
13,1
14,15,16,41,42,1,13
15,16,14,13,18,17
16,17,15,41,14
17,19,18,15,16
18,19,15,17,13
19,17,18
2,1,4,5,3
20,18
22,25,23
23,28,24,25,22,29
24,27,26,25,23,28
25,23,24,26,22
26,24,25,31
27,24,7
28,30,29,23,24
29,30,28,23
3,43,2,5
30,29,28,8
31,26,32,33
32,33,31,34
33,41,31,32,34
34,36,32,33,47
35,36,37
36,35,34
37,38,40,39,35
38,37,40
39,40,41,37
4,1,2,5,12,13,8,22,32,33,37
40,39,41,42,1,38,37
41,42,40,39,33,16,14
42,41,14,1,40
43,3,44,45
44,43,45,46
45,46,44,43
46,45,44,48
47,48,34
48,47,46
49,44,7
5,4,12,3,6,2,11
6,9,8,7,5,11
7,8,6,49,27
8,10,9,6,7,30
9,11,6,8,10
